 Execution time:    690.56250000000000       seconds
# Position, Numerical V, Theoretical V,P, Udrhodx, Vdrhody, mud2Vdy2, mud2Vdxy, dvdx, dvdy
    1       -0.0001391172       -0.0001393850       -0.0000095186       -0.0000000000        0.0000000000        0.0000000011        0.0000000000       -0.0002781207        0.0000000041
    2       -0.0004169552       -0.0004176049       -0.0000094480        0.0000000000        0.0000000000        0.0000000027        0.0000000001       -0.0002773280        0.0000000217
    3       -0.0006933939       -0.0006941768       -0.0000092803       -0.0000000000        0.0000000000        0.0000000041        0.0000000001       -0.0002753040        0.0000001025
    4       -0.0009672653       -0.0009680090       -0.0000090153       -0.0000000000        0.0000000001        0.0000000058       -0.0000000000       -0.0002724698        0.0000001000
    5       -0.0012379508       -0.0012380210       -0.0000086886        0.0000000000        0.0000000000        0.0000000079       -0.0000000002       -0.0002685272        0.0000000521
    6       -0.0015037722       -0.0015031470       -0.0000083058        0.0000000000        0.0000000000        0.0000000099       -0.0000000001       -0.0002627759       -0.0000000576
    7       -0.0017631224       -0.0017623408       -0.0000078867        0.0000000000        0.0000000000        0.0000000117        0.0000000001       -0.0002558982       -0.0000000485
    8       -0.0020153272       -0.0020145795       -0.0000074016       -0.0000000000       -0.0000000001        0.0000000132        0.0000000000       -0.0002483958        0.0000000100
    9       -0.0022596120       -0.0022588675       -0.0000069129       -0.0000000000       -0.0000000000        0.0000000149       -0.0000000000       -0.0002399818       -0.0000000045
   10       -0.0024949394       -0.0024942409       -0.0000063680        0.0000000000       -0.0000000000        0.0000000165       -0.0000000001       -0.0002304573       -0.0000000283
   11       -0.0027202388       -0.0027197705       -0.0000057723       -0.0000000000        0.0000000000        0.0000000177       -0.0000000000       -0.0002200854       -0.0000000821
   12       -0.0029348534       -0.0029345665       -0.0000051474       -0.0000000000        0.0000000001        0.0000000193        0.0000000001       -0.0002089840       -0.0000000625
   13       -0.0031378992       -0.0031377811       -0.0000045425       -0.0000000000        0.0000000002        0.0000000207        0.0000000000       -0.0001969141        0.0000000033
   14       -0.0033284141       -0.0033286124       -0.0000038881        0.0000000000        0.0000000002        0.0000000219        0.0000000000       -0.0001840239       -0.0000000435
   15       -0.0035057556       -0.0035063071       -0.0000032605       -0.0000000000       -0.0000000000        0.0000000230        0.0000000001       -0.0001706035        0.0000000609
   16       -0.0036694175       -0.0036701640       -0.0000026762       -0.0000000000        0.0000000000        0.0000000241       -0.0000000000       -0.0001565819        0.0000000898
   17       -0.0038186845       -0.0038195364       -0.0000021225        0.0000000000       -0.0000000001        0.0000000251       -0.0000000000       -0.0001418157        0.0000000530
   18       -0.0039528625       -0.0039538349       -0.0000015867        0.0000000000       -0.0000000002        0.0000000260       -0.0000000000       -0.0001265009        0.0000000571
   19       -0.0040715272       -0.0040725294       -0.0000011292       -0.0000000000       -0.0000000000        0.0000000267       -0.0000000001       -0.0001107233        0.0000000296
   20       -0.0041741474       -0.0041751515       -0.0000007353       -0.0000000000        0.0000000001        0.0000000274       -0.0000000000       -0.0000944405        0.0000000011
   21       -0.0042602852       -0.0042612962       -0.0000004006       -0.0000000000        0.0000000002        0.0000000280       -0.0000000000       -0.0000777950        0.0000000122
   22       -0.0043296411       -0.0043306235       -0.0000000731       -0.0000000000        0.0000000001        0.0000000285       -0.0000000000       -0.0000608698       -0.0000000050
   23       -0.0043819363       -0.0043828597        0.0000001547        0.0000000000        0.0000000002        0.0000000289        0.0000000000       -0.0000436754       -0.0000000153
   24       -0.0044169193       -0.0044177989        0.0000003354        0.0000000000        0.0000000001        0.0000000292       -0.0000000000       -0.0000262486        0.0000000101
   25       -0.0044344059       -0.0044353030        0.0000003926        0.0000000000       -0.0000000001        0.0000000292       -0.0000000001       -0.0000087459       -0.0000000589
   26       -0.0044344141       -0.0044353030        0.0000004016        0.0000000000       -0.0000000000        0.0000000292        0.0000000000        0.0000087346       -0.0000000708
   27       -0.0044169432       -0.0044177989        0.0000003320       -0.0000000000        0.0000000001        0.0000000291        0.0000000001        0.0000261991       -0.0000000219
   28       -0.0043820337       -0.0043828597        0.0000001706       -0.0000000000       -0.0000000000        0.0000000290       -0.0000000000        0.0000436210       -0.0000000193
   29       -0.0043297519       -0.0043306235       -0.0000000686        0.0000000000       -0.0000000001        0.0000000287       -0.0000000000        0.0000609013       -0.0000000405
   30       -0.0042603364       -0.0042612962       -0.0000003719        0.0000000000        0.0000000001        0.0000000281       -0.0000000000        0.0000778428       -0.0000000316
   31       -0.0041741809       -0.0041751515       -0.0000007251       -0.0000000000        0.0000000002        0.0000000274        0.0000000000        0.0000944395       -0.0000000443
   32       -0.0040715786       -0.0040725294       -0.0000011064        0.0000000000        0.0000000002        0.0000000267        0.0000000001        0.0001106820       -0.0000000206
   33       -0.0039529632       -0.0039538349       -0.0000015702       -0.0000000000        0.0000000003        0.0000000261        0.0000000000        0.0001264725        0.0000000229
   34       -0.0038187788       -0.0038195364       -0.0000020846       -0.0000000000        0.0000000002        0.0000000254        0.0000000000        0.0001418580        0.0000000349
   35       -0.0036694526       -0.0036701640       -0.0000026588       -0.0000000000        0.0000000002        0.0000000242       -0.0000000000        0.0001566197        0.0000000406
   36       -0.0035057903       -0.0035063071       -0.0000032448        0.0000000000        0.0000000002        0.0000000231       -0.0000000001        0.0001705715        0.0000000248
   37       -0.0033284916       -0.0033286124       -0.0000038588        0.0000000000        0.0000000002        0.0000000220       -0.0000000000        0.0001840130       -0.0000000315
   38       -0.0031379490       -0.0031377811       -0.0000044958       -0.0000000000        0.0000000002        0.0000000207       -0.0000000000        0.0001969488       -0.0000000026
   39       -0.0029348780       -0.0029345665       -0.0000051314        0.0000000000        0.0000000002        0.0000000193       -0.0000000001        0.0002089948       -0.0000000565
   40       -0.0027202675       -0.0027197705       -0.0000057516       -0.0000000000        0.0000000001        0.0000000178        0.0000000000        0.0002200746       -0.0000000828
   41       -0.0024949773       -0.0024942409       -0.0000063656       -0.0000000000        0.0000000000        0.0000000165        0.0000000000        0.0002304584       -0.0000000501
   42       -0.0022596384       -0.0022588675       -0.0000069430        0.0000000000        0.0000000000        0.0000000149        0.0000000000        0.0002399956       -0.0000000336
   43       -0.0020153457       -0.0020145795       -0.0000074716        0.0000000000        0.0000000000        0.0000000132        0.0000000000        0.0002483932       -0.0000000028
   44       -0.0017631617       -0.0017623408       -0.0000079656       -0.0000000000        0.0000000000        0.0000000116       -0.0000000000        0.0002558468       -0.0000000137
   45       -0.0015038822       -0.0015031470       -0.0000083821       -0.0000000000       -0.0000000000        0.0000000099        0.0000000001        0.0002627162       -0.0000000307
   46       -0.0012380919       -0.0012380210       -0.0000087311       -0.0000000000       -0.0000000000        0.0000000080        0.0000000002        0.0002685226        0.0000000695
   47       -0.0009673827       -0.0009680090       -0.0000090131       -0.0000000000       -0.0000000000        0.0000000059        0.0000000001        0.0002725290        0.0000001251
   48       -0.0006934379       -0.0006941768       -0.0000092325        0.0000000000       -0.0000000000        0.0000000041       -0.0000000001        0.0002753424        0.0000001468
   49       -0.0004169980       -0.0004176049       -0.0000094188       -0.0000000000       -0.0000000000        0.0000000027       -0.0000000001        0.0002773374        0.0000000608
   50       -0.0001391238       -0.0001393850       -0.0000094840        0.0000000000       -0.0000000000        0.0000000012       -0.0000000000        0.0002781857        0.0000000292
   51        0.0001390808        0.0001393850       -0.0000094894        0.0000000000        0.0000000000       -0.0000000010        0.0000000001        0.0002781912        0.0000000176
   52        0.0004169643        0.0004176049       -0.0000093956       -0.0000000000        0.0000000000       -0.0000000026        0.0000000002        0.0002773466        0.0000001026
   53        0.0006934130        0.0006941768       -0.0000092149        0.0000000000        0.0000000000       -0.0000000040        0.0000000000        0.0002753584        0.0000001892
   54        0.0009673740        0.0009680090       -0.0000089885       -0.0000000000        0.0000000000       -0.0000000059       -0.0000000001        0.0002725223        0.0000001587
   55        0.0012380570        0.0012380210       -0.0000087075       -0.0000000000        0.0000000000       -0.0000000078       -0.0000000001        0.0002685057        0.0000001246
   56        0.0015038491        0.0015031470       -0.0000083839        0.0000000000        0.0000000000       -0.0000000098       -0.0000000001        0.0002627304        0.0000000129
   57        0.0017631457        0.0017623408       -0.0000079636        0.0000000000       -0.0000000000       -0.0000000117        0.0000000001        0.0002558517        0.0000000379
   58        0.0020153186        0.0020145795       -0.0000074634       -0.0000000000        0.0000000000       -0.0000000131       -0.0000000000        0.0002483713        0.0000000636
   59        0.0022595919        0.0022588675       -0.0000069394        0.0000000000        0.0000000000       -0.0000000147       -0.0000000001        0.0002400009       -0.0000000025
   60        0.0024949622        0.0024942409       -0.0000063981       -0.0000000000       -0.0000000000       -0.0000000165       -0.0000000000        0.0002304966       -0.0000000346
   61        0.0027202833        0.0027197705       -0.0000058106       -0.0000000000        0.0000000001       -0.0000000178       -0.0000000000        0.0002200913       -0.0000000527
   62        0.0029348900        0.0029345665       -0.0000051647        0.0000000000        0.0000000001       -0.0000000194        0.0000000001        0.0002089675       -0.0000000441
   63        0.0031379186        0.0031377811       -0.0000045173       -0.0000000000       -0.0000000000       -0.0000000208        0.0000000000        0.0001969077        0.0000000027
   64        0.0033284343        0.0033286124       -0.0000039166       -0.0000000000       -0.0000000000       -0.0000000220        0.0000000001        0.0001840080       -0.0000000064
   65        0.0035057445        0.0035063071       -0.0000032977       -0.0000000000        0.0000000000       -0.0000000231        0.0000000001        0.0001705768        0.0000000944
   66        0.0036694010        0.0036701640       -0.0000026657       -0.0000000000        0.0000000003       -0.0000000241       -0.0000000001        0.0001566159        0.0000001054
   67        0.0038187308        0.0038195364       -0.0000021274        0.0000000000        0.0000000000       -0.0000000252       -0.0000000001        0.0001418692        0.0000000303
   68        0.0039529344        0.0039538349       -0.0000016303        0.0000000000       -0.0000000001       -0.0000000260       -0.0000000000        0.0001265025        0.0000000107
   69        0.0040715810        0.0040725294       -0.0000011292       -0.0000000000       -0.0000000001       -0.0000000267       -0.0000000000        0.0001106892       -0.0000000054
   70        0.0041741723        0.0041751515       -0.0000007174       -0.0000000000       -0.0000000000       -0.0000000274        0.0000000000        0.0000944529       -0.0000000219
   71        0.0042603643        0.0042612962       -0.0000003500       -0.0000000000        0.0000000001       -0.0000000280        0.0000000000        0.0000778568       -0.0000000028
   72        0.0043297667        0.0043306235       -0.0000000698       -0.0000000000        0.0000000001       -0.0000000286       -0.0000000000        0.0000608885        0.0000000002
   73        0.0043820545        0.0043828597        0.0000001642        0.0000000000        0.0000000001       -0.0000000290       -0.0000000000        0.0000436645       -0.0000000135
   74        0.0044170323        0.0044177989        0.0000003085        0.0000000000       -0.0000000003       -0.0000000292       -0.0000000001        0.0000262457       -0.0000000152
   75        0.0044345160        0.0044353030        0.0000003832        0.0000000000       -0.0000000004       -0.0000000291       -0.0000000000        0.0000087371       -0.0000000652
   76        0.0044345101        0.0044353030        0.0000004075       -0.0000000000       -0.0000000005       -0.0000000291        0.0000000000       -0.0000087437       -0.0000000511
   77        0.0044170310        0.0044177989        0.0000003408        0.0000000000       -0.0000000005       -0.0000000291        0.0000000000       -0.0000262283       -0.0000000389
   78        0.0043820761        0.0043828597        0.0000001760        0.0000000000       -0.0000000003       -0.0000000290       -0.0000000000       -0.0000436544       -0.0000000370
   79        0.0043297840        0.0043306235       -0.0000000336       -0.0000000000       -0.0000000003       -0.0000000286        0.0000000000       -0.0000608904       -0.0000000372
   80        0.0042603866        0.0042612962       -0.0000003058       -0.0000000000       -0.0000000003       -0.0000000282       -0.0000000000       -0.0000778448       -0.0000000149
   81        0.0041741996        0.0041751515       -0.0000006771       -0.0000000000       -0.0000000002       -0.0000000275       -0.0000000000       -0.0000944921       -0.0000000518
   82        0.0040715385        0.0040725294       -0.0000011017        0.0000000000       -0.0000000002       -0.0000000266        0.0000000001       -0.0001107267       -0.0000000152
   83        0.0039529043        0.0039538349       -0.0000015825        0.0000000000       -0.0000000000       -0.0000000259       -0.0000000000       -0.0001264637        0.0000000257
   84        0.0038187441        0.0038195364       -0.0000020903        0.0000000000        0.0000000000       -0.0000000252       -0.0000000000       -0.0001418478       -0.0000000121
   85        0.0036694086        0.0036701640       -0.0000026357        0.0000000000        0.0000000001       -0.0000000239        0.0000000000       -0.0001566269        0.0000000111
   86        0.0035057465        0.0035063071       -0.0000032162       -0.0000000000        0.0000000002       -0.0000000230       -0.0000000001       -0.0001705694        0.0000000010
   87        0.0033284471        0.0033286124       -0.0000038703       -0.0000000000        0.0000000002       -0.0000000220       -0.0000000000       -0.0001840256       -0.0000000655
   88        0.0031378849        0.0031377811       -0.0000045321        0.0000000000        0.0000000002       -0.0000000207        0.0000000000       -0.0001969544       -0.0000000163
   89        0.0029348223        0.0029345665       -0.0000051797        0.0000000000        0.0000000002       -0.0000000192       -0.0000000001       -0.0002089949       -0.0000000762
   90        0.0027202013        0.0027197705       -0.0000057850       -0.0000000000        0.0000000003       -0.0000000177       -0.0000000000       -0.0002200803       -0.0000001042
   91        0.0024949175        0.0024942409       -0.0000063827       -0.0000000000        0.0000000001       -0.0000000163        0.0000000000       -0.0002304351       -0.0000000962
   92        0.0022596103        0.0022588675       -0.0000069478       -0.0000000000        0.0000000001       -0.0000000147        0.0000000001       -0.0002399779       -0.0000000699
   93        0.0020153159        0.0020145795       -0.0000074564       -0.0000000000        0.0000000000       -0.0000000130        0.0000000000       -0.0002484005        0.0000000095
   94        0.0017631227        0.0017623408       -0.0000079298        0.0000000000       -0.0000000000       -0.0000000116       -0.0000000001       -0.0002558668       -0.0000000201
   95        0.0015038224        0.0015031470       -0.0000083731        0.0000000000        0.0000000000       -0.0000000099        0.0000000001       -0.0002627106       -0.0000000209
   96        0.0012380644        0.0012380210       -0.0000087284       -0.0000000000       -0.0000000000       -0.0000000080        0.0000000001       -0.0002684879        0.0000000637
   97        0.0009673766        0.0009680090       -0.0000090121       -0.0000000000        0.0000000000       -0.0000000059        0.0000000000       -0.0002725252        0.0000001011
   98        0.0006934108        0.0006941768       -0.0000092493       -0.0000000000        0.0000000000       -0.0000000041       -0.0000000001       -0.0002753987        0.0000001057
   99        0.0004168971        0.0004176049       -0.0000094332        0.0000000000        0.0000000000       -0.0000000028       -0.0000000001       -0.0002773912        0.0000000270
  100        0.0001390123        0.0001393850       -0.0000095135       -0.0000000000        0.0000000000       -0.0000000012       -0.0000000000       -0.0002781457        0.0000000110
